handle,rank,oldRating,newRating
I_love_Alexandra,1,1500,1772
commomwealth,2,1500,1772
wmdcstdio,3,1616,1764
adsz,4,1684,1781
blazerer,5,1673,1778
Perforator,6,1675,1778
sky1049,7,1500,1770
house1993,8,1657,1772
yangsiy,9,1534,1735
zDule98,10,1698,1781
Manro,11,1577,1749
12zuferj123,12,1677,1775
mdwudier,13,1500,1768
TAABAP,14,1605,1756
pseudo,15,1597,1754
13rj115,16,1593,1752
youyl2,17,1555,1739
1101_,18,1665,1770
BudAlNik,19,1663,1769
nikalosaberidze,20,1573,1744
fateice,21,1500,1766
Budday,22,1311,1617
fillets,23,1613,1755
Rostislav_the_great,24,1603,1752
hta,25,1625,1757
arkidd,26,1651,1763
returnzoo,27,1500,1764
links234,28,1672,1767
ashkan_d13,29,1545,1732
saurrv,29,1656,1763
Deggial,31,1631,1756
fan_hd,32,1500,1763
chicken_coder,32,1587,1744
kaifa,34,1497,1712
Bakser,35,1673,1764
Gones,36,1638,1756
alexey152,37,1344,1634
a00920,38,1679,1764
doublelee,39,1619,1750
suh_ash2008,40,1656,1758
wzyjerry,41,1637,1754
MohamadAdel,42,1405,1667
QTKaze,43,1551,1729
Ahoma,44,1653,1756
Yao_ge,45,1500,1759
good_guy,45,1677,1760
Seryi,47,1664,1757
sygi,48,1688,1761
dipu_sust,49,1364,1642
shivam1729,50,1618,1745
Gromah,50,1635,1749
_iris_,52,1684,1758
Mambacrose,53,1582,1735
claw,53,1577,1733
Archaic,55,1500,1756
peterpan,56,1607,1740
neige,57,1480,1698
SamuraiJack,57,1595,1737
nikhil30,59,1503,1706
shopnobaj_raju,60,1503,1706
DimonK,60,1560,1725
Gleb_Kazantaev,62,1632,1744
T-D-K,63,1602,1736
niabby,64,1500,1754
Baoge,65,1631,1742
Betlista,66,1532,1714
Kewowlo,67,1511,1707
soup_boy,68,1594,1732
ndatta,69,1613,1736
Mohammad_Yasser,70,1605,1734
noise123,71,1559,1721
JHSN,72,1500,1751
paari95,73,1671,1746
ykculnu,74,1610,1734
Optimist,75,1564,1721
rednivrug15,76,1652,1742
martins256,77,1636,1738
ondivate,78,1544,1714
abbi031892_20,78,1608,1732
andrzejdoro,78,1697,1747
lingting,81,1500,1749
Cupcakess,82,1627,1735
Desgard_Duan,83,1654,1739
RedLord,84,1601,1728
VictorWonder,85,1577,1721
IvanJobs,85,1611,1730
asif_iut,87,1504,1697
Flipped,88,1596,1725
yanaz,89,1595,1724
Lazar_Angelov,90,1500,1746
N0D1R,91,1615,1728
12190140,92,1493,1692
zenghui,93,1500,1745
Naduxa,94,1522,1701
kuuso,95,1691,1739
cfcc,95,1446,1671
kirill146,97,1556,1711
DKarev,98,1613,1725
sddyzjh,99,1516,1698
kefaa,100,1553,1709
Alesha,100,1489,1688
varun_syal,102,1647,1730
MemS,103,1697,1736
adityapande,103,1597,1719
eXeP,105,1255,1559
wenshijie,106,1512,1694
licstar,107,1674,1731
av_life,108,1566,1710
martinv,109,1425,1658
Cadongllas,110,1588,1715
atycnth,111,1673,1729
iustin,112,1570,1709
anhaabc,113,1681,1729
wangxz,114,1680,1729
add1ctus,115,1582,1711
RostVel,116,1506,1688
GYF_Dreamful,117,1539,1699
klaas.naaijkens,118,1602,1715
ivan.sachkovski,119,1632,1720
snayde,120,1534,1696
MudoBog,121,1522,1692
andbluer,122,1578,1708
sudeepdino008,123,1644,1720
jiangshibiao,124,1696,1725
blankcqk,125,1683,1724
MicaelCarvalho,126,1540,1696
Svin,127,1500,1735
bp_ZHD_qd,128,1397,1639
onetwothree,129,1601,1710
P_Nyagolov,129,1456,1665
igor.glushkov,131,1508,1684
Sirojiddin,132,1543,1695
shantanushanto,133,1377,1627
akxxsb,134,1580,1704
dumbass,135,1608,1709
IanCastro,136,1621,1711
shenkedaa,137,1427,1651
lisihang,138,1661,1716
Edward2173,139,1556,1696
FizzyDavid,140,1678,1716
duyduc,141,1565,1697
wao.uchiha,142,1699,1717
Mikhail_Amirov,143,1564,1696
_Eren_,144,1637,1710
minimario,144,1680,1715
DiEvAl,146,1500,1730
liadoon,147,1514,1681
Enesemre,148,1639,1709
maradonah,149,1598,1702
brocatty,150,1229,1530
alex-china,150,1576,1697
jerry,152,1639,1707
Scrat,153,1483,1669
alex_bucevschi,154,1358,1611
WID,155,1661,1708
poursoul,156,1579,1695
vignesh_m,157,1547,1687
kakira,157,1390,1627
kunalkukreja,159,1683,1708
romanasa,160,1464,1659
gamezovladislav,161,1408,1635
hball1st,162,1612,1699
helloworldaplusb,163,1688,1707
MadNick,164,1680,1706
Amphibian,164,1458,1656
primate,166,1552,1685
Allanur,167,1439,1647
lxw,168,1694,1704
hbirler,169,1566,1687
pro100leo,169,1609,1696
l1n4r,171,1528,1677
szilard,172,1680,1702
lm_ss,173,1362,1608
negi_magnet,173,1581,1689
yzy,175,1603,1693
tranhuy,176,1548,1681
GPractice,177,1500,1720
Ratuvog,177,1611,1693
SadBB,179,1693,1699
Vats,180,1568,1684
Mid0,181,1433,1640
nguyenvietkhanh,181,1682,1698
shri3011994,183,1494,1663
samsidx,184,1492,1662
Napoleon_cn,184,1673,1696
Cheshulko,186,1446,1644
match,187,1622,1690
dosydon,187,1500,1717
abhra73,189,1605,1688
MrKaStep,190,1670,1693
DataScientist,191,1399,1622
tideline,192,1401,1623
falanga,193,1622,1688
linkct,194,1541,1673
3301,194,1500,1715
yesh233,196,1530,1669
markmorcos,197,1242,1528
diamond_duke,197,1259,1540
e19-un,199,1329,1583
Bayan,200,1490,1656
sgsurya,200,1543,1671
zyoohv,200,1634,1686
golden_ratio,203,1543,1670
popoiu.george,203,1628,1685
WNJXYK,205,1500,1712
Noobgam,206,1573,1676
Yamatan,206,1460,1644
-LMH-,208,1635,1683
rafael859,209,1386,1611
Volja,209,1493,1654
holigan187,211,1526,1663
master-yoda,211,1432,1631
undercut,211,1501,1656
NEU20133823,214,1600,1677
Miron95,214,1614,1678
ghostmath,214,1500,1710
Elun,217,1547,1666
SUA,217,1660,1681
aostankov,217,1478,1647
holyspicman,220,1633,1678
Age_of_CPP_Empires,221,1520,1658
zkw159,222,1507,1654
Fwish,223,1613,1675
rex321,223,1546,1664
yre-,225,1608,1674
gute,225,1500,1707
yeyushengfan,227,1529,1658
MVesterli,228,1623,1674
anatolat,229,1562,1665
ImaDra,230,1608,1671
Llop,230,1687,1676
priyanshu2501,230,1658,1675
balalaika,233,1535,1658
sreemeghana8,234,1292,1553
filyera,235,1524,1655
h43k3r,236,1630,1671
AC_way,236,1689,1673
maozaozao,238,1547,1659
varun_l,238,1543,1658
mayoko,240,1539,1656
latvian,240,1541,1657
ak56,242,1534,1655
poikniok,242,1500,1702
jiu-ye10,244,1675,1670
hnagamin,245,1551,1657
baba26,246,1624,1667
ac_magician,246,1452,1629
XC_KiwiBerry,248,1521,1649
unique_sgr,249,1554,1656
AndreySergunin,249,1598,1663
kokadva,251,1485,1638
mohan1005k,251,1507,1645
ShekharNain,253,1552,1655
uSeemSurprised,254,1547,1653
pratham2508,254,1246,1518
codebird,256,1480,1635
deshu,257,1398,1603
marvel308,257,1465,1630
THOier,257,1497,1640
palashkumar1010,260,1399,1603
chloroplast,261,1542,1650
Ziklon,261,1587,1657
predicate,263,1477,1632
EdgarsJ,264,1589,1656
huangxf,265,1471,1629
igor.pisarev,265,1522,1644
sayeer_24,267,1572,1653
raghu94,267,1572,1653
qwertyy,269,1532,1645
Storminteacup,269,1530,1645
nherceg,271,1639,1657
ankurkumar,272,1510,1639
Astreb,272,1365,1584
kubusgol,274,1558,1648
Waj,275,1664,1656
Mohamed.Bassem,275,1684,1655
takeCare,277,1575,1649
acmyhs,277,1418,1606
nikolapintaric,277,1399,1598
20171231,277,1515,1638
snowonion,281,1349,1573
mahdinafar,282,1697,1651
saodem74,283,1523,1638
Dias,284,1634,1651
Hell_Knight,284,1468,1623
SmallBoy,286,1586,1647
ordan,287,1469,1622
rishabhiitr,288,1663,1650
Khersiii,289,1446,1614
Cozma_Tudor,290,1407,1598
Jeannette,290,1600,1647
wangwei,292,1414,1601
Defined,293,1639,1647
BuleGuy,293,1489,1626
Tom.,293,1674,1647
muratt,296,1613,1646
catfish,297,1663,1646
thanhsonzorro,297,1501,1628
dumanshu,299,1452,1613
devanshdalal,299,1657,1646
tonthatvinh,301,1570,1640
quandum,301,1635,1644
jainprateek2000,303,1401,1592
discipline,303,1417,1599
NTaveras,303,1615,1643
limuyang01,306,1544,1634
loveannie,307,1655,1642
baqargam,308,1688,1641
toddler,308,1331,1557
Ne0n25,308,1540,1633
yash199,311,1424,1599
Zhangcanjie,312,1534,1630
smartyfh,313,1409,1592
invoker94,314,1533,1630
Deltax,315,1569,1635
GiraffeCoder,315,1527,1628
spOoky,317,1641,1638
Honcharov,318,1515,1625
fryday,318,1687,1638
M.Amangeldi,320,1451,1606
lalala123,321,1500,1678
clover,321,1606,1635
angrytitan,323,1603,1635
axiom92,323,1518,1624
Jagaa,325,1582,1632
aarshee,326,1651,1634
rifat1234,326,1649,1634
Sn1p3r5,326,1696,1642
soundar,329,1458,1606
kathal,330,1405,1586
Wonka,330,1610,1632
noblesse,330,1496,1616
ttt555,333,1503,1617
strawbreey,334,1349,1560
CSPrajeeth,335,1443,1599
rakeen,336,1515,1619
CyrillN,337,1687,1635
nemzs,338,1402,1583
aidarbek1,339,1390,1577
kenichi_9xpro,340,1531,1620
ImagineWarrior,340,1694,1638
prsnt558908,342,1612,1627
Sylpheed_Frederica,343,1500,1672
mvjacheslav,343,1429,1592
20131127,345,1500,1672
KArs,346,1245,1496
ivplay,346,1518,1616
moreda,348,1564,1622
ealevel,348,1695,1638
nellex,348,1448,1597
oxygen3,348,1479,1606
dario-dsa,352,1547,1619
zhangsl16,353,1239,1490
chinh,354,1502,1610
kostarion,355,1500,1669
rusty_mayank,356,1451,1595
CapnCook,356,1591,1621
barehead,356,1573,1620
DeSerg,359,1558,1618
mahmooda15,360,1303,1528
cqwelly,361,1669,1620
katalonecfly,362,1481,1602
199911,362,1691,1633
tahmidhamim,362,1607,1619
Staticity,365,1473,1599
FlakeLCR,365,1391,1571
Guilucand,367,1554,1614
PieceOfCode,367,1477,1599
sinha_ji,369,1322,1537
Lazzaro,369,1585,1616
Derr,369,1500,1665
201208070211,372,1427,1583
GdufsPan,373,1403,1573
saikiranboga11,374,1599,1614
kupospelov,375,1540,1609
bloodbound,376,1653,1612
littlefour,377,1500,1662
GuessEver,377,1508,1604
urrut,379,1298,1521
dilipkasana,380,1686,1628
agw,381,1591,1612
i.muravev,382,1423,1578
kronos2000,383,1321,1532
Velter,383,1401,1570
cyanpencil,385,1658,1610
m1_k3,385,1387,1563
determinism,387,1347,1545
tpk,387,1469,1591
warchildmd,387,1368,1555
merrychap,390,1292,1515
ppptq,390,1500,1658
le_louch,390,1212,1463
Amores,393,1420,1574
xxmen,394,1556,1605
yingshin,395,1501,1596
HappyNaPin,396,1617,1607
Johny_Depp22,397,1071,1352
Signin,398,1464,1587
2DKot,399,1500,1656
jainshanu,399,1336,1536
loSer.D,401,1547,1601
zjsyhjh,401,1666,1612
satyaki3794,403,1641,1602
msstar,404,1628,1603
luke95,404,1405,1566
Skyshirk,404,1480,1589
BetaVersion,407,1242,1480
Dowlet,408,1633,1600
IohcEjnim,409,1509,1593
DeaphetS,410,1626,1600
gshopov,410,1325,1528
URSU,410,1329,1530
ReaterYu,413,1411,1565
031140213,414,1584,1599
k_____k,415,1539,1596
tridorje,415,1354,1541
vinitachaudhary,415,1475,1584
ramprasadh,418,1444,1575
Jeremy_Wu,419,1290,1506
rohit_code,420,1655,1602
q444372930,421,1564,1596
lucifer29,421,1368,1546
Kynit,423,1613,1596
muratakburak,424,1593,1595
CBVon,425,1460,1577
r3gz3n,425,1542,1592
sam721,425,1590,1595
ks864148379,425,1551,1593
qq243887,429,1367,1543
ssergiuss,429,1679,1617
KLer37,429,1404,1558
royalyadnesh,432,1548,1591
Xephy,433,1405,1557
krupic,434,1500,1646
10210124,435,1694,1626
andryej,435,1500,1645
kamalsam,437,1623,1589
khwaja,437,1245,1475
zkp,439,1506,1583
12196118,440,1237,1469
yurp,441,1673,1611
td1799,441,1689,1622
franzel,441,1500,1644
Alwahsh,441,1598,1589
abhishekg,445,1580,1587
CST14-ZRJ05,446,1494,1578
yeahpeng,446,1654,1598
mm.t,448,1635,1587
bhushan99,449,1550,1585
460002326,449,1541,1584
NiksD,451,1314,1512
khaleesi,452,1440,1564
kitou,452,1500,1640
alphaplus,454,1531,1581
tjk5567764363,454,1428,1559
swim_coder,456,1591,1584
afc_03,457,1558,1582
Superleggera,458,1500,1639
Sehnsucht,459,1466,1568
shubham1100,459,1483,1572
Twice,461,1373,1537
mavd09,462,1467,1568
slelaron,463,1589,1581
piyushgoyal,463,1500,1637
MoMoBLY,465,1510,1575
charany1,465,1447,1562
wanfranck,467,1495,1572
L_H,467,1274,1486
Snezhok,469,1650,1592
HekpoMaH,469,1657,1597
byambadorjp,469,1527,1576
nr3600,472,1395,1543
bogdan10bos,473,1494,1570
yashpal1995,474,1482,1567
Maks_DP,475,1586,1577
rudra101,475,1561,1576
SirNickolas,477,1596,1576
I_fucked_Cristina_Melnic,478,1317,1507
bunos,478,1625,1576
ptnk061215,480,1556,1574
heuristic,481,1500,1632
johri21,481,1455,1559
REAL,483,1491,1566
OlegKuznetsov,483,1590,1573
alexveliki,485,1506,1568
ZhouXingXings,486,1460,1559
billduc,487,1209,1440
mtv_2002,488,1067,1330
fxhui1123,489,1402,1541
tyagi,490,1325,1507
theboyinatux,491,1507,1566
fgnjuf,491,1552,1570
jackal_1586,493,1518,1567
theRevenant,494,1608,1568
myacdream,494,1639,1582
luntos,494,1565,1569
danft,497,1433,1548
HIT_Attacker,497,1425,1546
Mahmudul_Tushar,499,1027,1293
Anuar,499,1618,1569
codeit22,499,1366,1524
FCun,502,1500,1626
WorstCoder,502,1319,1502
johnnash,504,1358,1519
cashow,505,1446,1550
shade33,506,1437,1547
Arash36,506,1353,1517
jaydeepmaddipati,508,1302,1491
Kaum,509,1488,1557
shiamplus,509,1412,1538
mihai.musat,511,1305,1492
VinYap,512,1453,1549
Latens,512,1359,1518
diptadas,514,1591,1562
prateek4010,514,1368,1521
Stupidity,516,1448,1547
chiraghasija,516,1262,1467
htbb2,518,1622,1568
sam.g,519,1500,1621
algoCG,520,1475,1552
Bekmyrat.A,521,1432,1541
startcpp,522,1610,1561
Guliash,523,1458,1547
laozhangxiaoY,524,1585,1558
woods,524,1507,1555
instantkill,526,1654,1588
nkrajesh,526,1569,1558
sunkuet02,528,1248,1455
jeffjar,528,1433,1539
maksim.chichkan,530,1433,1539
kevi793,530,1525,1555
Prim,532,1681,1606
prana,533,1347,1507
hard,534,1573,1555
p_d,534,1404,1529
Mohamed-Khaled,536,1394,1525
sumit93,537,1540,1553
gustavoatt,538,1567,1554
fobdddf,538,1425,1534
rui-de,538,1615,1561
pratik1,541,1507,1550
ihkus,541,1600,1552
khaledA,543,1419,1531
rajs123,544,1500,1613
theab,545,1345,1503
abhinavc,546,1550,1550
domen111,547,1599,1551
negative,548,1539,1550
paw,549,1548,1549
Kanish_The_Vista,549,1063,1315
Karan2k,549,1468,1541
inoryy,552,1404,1524
xuezhongfenfei,553,1440,1534
canhnd_58,553,1401,1522
Tyuguy,553,1399,1522
rperez,556,1582,1547
Vane_Tse,557,1628,1567
fp152731,557,1521,1546
RaifAkhmedshin,557,1126,1364
kolia,560,1635,1572
vatayush,560,1550,1546
saichandu6,562,1406,1521
sanu1,562,1466,1537
abhishek_agrawal,564,1572,1544
tada-s,565,1440,1530
fredchen,566,1331,1491
sheep,567,1631,1568
321irshsay,567,1411,1522
31smurfs,567,1530,1543
rahuldps,567,1526,1542
vedsarkushwaha,567,1289,1470
uvsankar,572,1271,1459
divakar_tomar,573,1654,1583
KAI8018,574,1482,1536
nursultan2010,575,1399,1516
ArnoldLane,576,1442,1528
Enavik,577,1367,1504
12snoopy34,578,1557,1540
ali.essam,579,1586,1539
BlakeGriffin,580,1689,1607
vipinsharma,580,1233,1434
nc.duy,582,1369,1503
rohitnandani3118,583,1665,1590
Juniorandrade,584,1544,1538
adzen,584,1383,1508
imaxblue,584,1304,1474
slrohit,587,1586,1537
Hsiung,588,1577,1535
Swiftblade,588,1627,1563
ahcl,590,1572,1534
zxxxxzzz,591,1393,1509
reijnnn,592,1312,1476
RadiantPie,593,1548,1535
vaibhav3051,594,1500,1599
caoyu01,594,1624,1561
calm,596,1223,1424
nguyenchicuong,597,1538,1533
sm94,598,1234,1431
to_my_love,598,1379,1502
younis,600,1573,1531
tanujrastogi,601,1436,1519
Punter,601,1597,1542
kujta1,603,1642,1572
smallling,604,1689,1605
xiaoxiaobai,604,1649,1577
akaz,606,1500,1595
wiwit,606,1567,1529
The_Tester,608,1378,1499
00DmD00,609,1402,1507
0winter0,610,1500,1594
ankeshanand,611,1282,1456
nazmul_islam,612,1628,1561
Hail_Storm,612,1638,1568
io07,614,1457,1519
deepa_panwar,615,1036,1278
gvishal,616,1311,1469
codeshaker,617,1384,1499
vitovt,617,1576,1527
venki421,617,1522,1525
wangck1998,617,1425,1511
stostap,621,1562,1524
arnir,622,1589,1534
ayushbgl,623,1269,1445
Katann,624,1303,1463
flickr,625,1313,1468
Unreal,625,1438,1512
tapopadma,627,1307,1465
shubham_1559,628,1640,1568
radical,629,1345,1481
TheEnglishMajor,630,1532,1522
rng__58,631,1489,1519
cxx1996,632,1691,1604
sievra,633,1552,1520
GoDDoS,633,1500,1588
dzhenakov,635,1494,1518
ly941122,636,1382,1493
VikoTse,637,1569,1520
ayushrocker92,638,1624,1556
dimal97,639,1648,1573
liyuanhang,640,1356,1483
valdisd,640,1594,1535
Isfandiyor,642,1491,1515
mohit_pandey,642,1339,1475
aranjuda,642,1527,1518
sepehr103,645,1345,1477
Staelth,646,1672,1589
edinorog,647,1407,1498
Saken,648,1493,1514
tahsynx,649,1424,1502
kushal_chawla,650,1500,1583
Logout,651,1581,1526
skc12340,651,1261,1434
Farziddin,653,1351,1477
andy.gusev,654,1416,1499
ppual,655,1640,1566
abhaygarg,656,1636,1563
Tung_Duong,657,1319,1463
horojyk,658,1302,1454
coder_code,658,1363,1481
sal13,660,1375,1484
muslimbokyemez,661,1532,1511
Finder,662,1480,1508
avngr,663,1325,1464
krishna95,664,1230,1413
Nozim,664,1654,1575
inferno,664,1572,1519
TGIshib,667,1421,1496
faisal47,668,1518,1509
rishabhjoshi93,669,993,1230
backsider,670,1465,1503
temak,671,1536,1508
Orisano,672,1485,1505
FatalException,673,1497,1506
Adiraj16,673,1457,1502
Ronok1307,675,1612,1544
r4r313,675,1359,1475
Stupid-Dog,675,1671,1586
uditgupta,678,1519,1506
chaitan94,679,1487,1503
katan,679,1528,1505
storm95,681,1581,1522
Keyolce,682,1537,1504
IstillHateL___,683,1480,1501
JATC,684,1497,1502
suchir,685,1556,1506
Mistique,686,1466,1499
vkrm,686,1181,1377
cold_it,688,1431,1492
Lorry1123,688,1429,1492
LesAutres,690,1499,1501
ahoff,691,1434,1492
guanxin,692,1607,1539
Swag33r,693,1427,1490
exjtuxuqiang,694,1586,1524
Walid_Amin,695,1541,1499
AllenYi,696,1304,1446
dwoolley3,697,1586,1524
rajon_aust,698,1543,1498
bestwillcui,698,1538,1498
JCBOSS,700,1420,1486
i0epi1,701,1378,1474
vovantri,701,1549,1500
dkrdharmesh,703,1527,1497
yigexigua,704,1448,1491
Dwylkz,705,1555,1503
shanbei_drug_trafficker,705,1642,1562
RurouniKenshin,707,1319,1450
Disappear,708,1379,1473
Eashaan,709,1393,1477
jorgeduarte,709,1457,1491
newpie,709,1399,1479
loveping,709,1501,1495
desdolganov,713,1403,1478
samatbor,713,1461,1490
microgao,715,1559,1504
SmartCoder,716,1600,1532
divyambansal,716,1402,1477
hnust_zhouchaoyuan,716,1693,1597
TGraham,719,1644,1562
btrine,720,1500,1492
LadySylvanas,721,1282,1429
g2coder,721,1475,1489
sa1g2,723,1619,1544
mircea85,724,1441,1484
MoriMiya,725,1546,1495
mngharbi,726,1502,1490
saurabh.coder,727,1528,1489
sasuke_uchiha,728,1462,1486
shakil,728,1643,1561
walkre,728,1407,1475
shivendra_it,731,1656,1570
Swift,732,1556,1500
NineT,732,1578,1515
taki,734,1598,1529
peter1341,735,1606,1534
dpmayur,736,1476,1485
v.saikiransantosh,737,1348,1454
aman.ag,737,1383,1466
shadhin,739,1586,1520
kuldeepfouzdar,740,1549,1495
xeronguyen197,741,1378,1464
dragon_slayer,742,1209,1382
psyduck,743,1420,1474
AndreiTudorica,744,1576,1513
sharma_vinay,744,1648,1563
vitasoy,746,1328,1444
alamin,747,1473,1481
h5harsh,747,1416,1472
shivek_nsit,749,1450,1478
bfilipovic,750,1500,1553
kevmo314,751,1630,1550
raivekhan,752,1447,1476
farhad519,753,1440,1475
AndyBear,753,1455,1477
DeWitt,755,1413,1469
ameba_style,755,1205,1377
Progmeistars,755,1300,1430
Dr.Hulk,758,1538,1486
martinezgjuan,759,1596,1525
blazeva1,759,1309,1433
QProgS,759,1518,1479
AM51,759,1601,1528
aakashc31,763,1592,1522
castyxel,763,1685,1588
mapa,763,1579,1513
acm_poppy,766,1580,1513
ErzhaNN,766,1679,1583
sadhwaniyash6,766,1676,1581
wahyudierwin,766,1291,1423
mishagam,766,1313,1433
Valerich,771,1409,1464
ei133333,772,1370,1453
kk_ducviet,772,1312,1431
mayank_natani,774,1576,1510
ddt,774,1692,1595
contactone,776,1390,1458
Dima_Korotkih,777,1395,1459
sansid,777,1618,1539
killer1994,777,1282,1415
dejo,777,1501,1473
marin.georgiev,777,1516,1473
Samsung,777,1217,1379
JustLive,783,1405,1459
Kurosaki_Ichigo,784,1486,1471
pikaynu,784,1533,1480
allllekssssa,784,1589,1518
Ahmed_Morsy,787,1626,1544
Elk-Cloner,787,1647,1559
skysohigh,789,1361,1445
hung98,789,1547,1488
3_Problems_Everyday,789,1500,1542
realsteel,792,1455,1465
nikiror,792,1563,1499
Zymphony77,792,1494,1468
musa.cse12,795,1217,1375
oKing,795,1369,1446
0x00FFFFFF,795,1423,1460
Flycutter,795,1551,1490
kmamp,795,1324,1430
_Dragon_,795,1395,1454
wozszym,801,1320,1427
wilspi,801,1327,1430
shobhit6993,801,1490,1466
a_Lena,804,1341,1434
anishjha025,804,1445,1460
the_redback,806,1637,1550
NickyByrne,807,1500,1537
hyoussef,807,1357,1439
Blowy,807,1423,1456
williamchen,810,1499,1463
flyman3046,811,1550,1488
Starqinsx,811,1084,1279
KatherineLOVER,813,1436,1457
ytdut,813,1272,1402
koltakova,813,1471,1461
ASK_YI,813,1136,1318
VirrageS,813,1485,1462
omtcyf0,818,1543,1483
iphone,818,1252,1390
darkdragon,818,1353,1435
Chocolava,821,1348,1432
nishant10,821,1579,1508
eh2arch,821,1574,1504
kier.guevara,821,1480,1459
mkmax472,825,1506,1459
meizhouyihei,825,1550,1487
xRoms,825,1507,1459
prashkr,825,1430,1452
sinisteraadi,829,1125,1306
zhangxipeng,829,1426,1450
turyst,829,1655,1561
arystan_kalimov,832,1472,1455
is1,832,1682,1585
1A2012,832,1585,1511
shoek,832,1594,1517
daga,836,1254,1387
MoPkoBkA,836,1148,1321
West_coastPWNZ,836,1399,1443
catalincraciun,839,1424,1447
c0dezer0,840,1214,1363
shaileshahuja,840,1582,1508
saga1215,842,1568,1498
DMGR,842,1324,1418
goldie,844,1598,1519
sxdu,844,1426,1446
wwwwwww,844,1349,1427
shuvokr,844,1262,1390
sajib_cuet09,848,1551,1485
PocolaOctavian,848,1424,1445
tapan0007,850,1670,1573
mimilover,850,1500,1524
lcysb,852,1432,1445
Loriex,852,1581,1506
iverson,854,1603,1522
jashan,854,1445,1446
hd898,854,1363,1429
zhengmingcan,854,1432,1444
eopXD,858,1596,1516
tjwpmk3,858,1502,1452
michelangelo,860,1544,1480
shank_punk,860,1633,1543
hatsuyuki15,862,1434,1442
Paskuda,862,1480,1446
Nouran_Abdelaziz,862,1670,1573
SharjeelK,865,1468,1445
GooDRomka,866,1498,1449
DeJw,867,1495,1447
VAVAvile,867,1273,1389
whyPIstdiohero,867,1387,1432
Sabau_Andrei,867,958,1161
banana_gg,871,1500,1518
margiki,871,1561,1491
andreas.chelsau,873,1500,1518
voquocthang,873,1304,1402
mongsiry013,875,1667,1570
g656574180,875,1258,1380
Jedi_knight,875,1450,1441
amlansaha,878,1393,1430
sanchit1501,878,1305,1402
Ksushka,880,1233,1366
dms20000328,880,1403,1432
dhblack,882,1659,1562
SilverY,883,1500,1515
Raywzy,883,1228,1362
buzzer,885,1552,1483
ACED,885,1522,1462
anuragg228,885,1572,1497
Jamol_Mattiev,885,1691,1594
devilsliveon,885,1594,1513
chengjin,890,1500,1513
kumarsatish2708,891,1551,1482
clevermike,892,1479,1437
n3rd,893,1432,1433
av.driftking,893,1630,1538
fenixrfc69,893,1500,1512
heracle,893,1437,1434
lovablepleiad,897,1384,1423
Arox,897,1594,1512
nguydavi,897,1599,1515
copper2764,897,1385,1423
lajiniunai,901,1522,1461
coolwyj,901,1693,1596
andlom,903,1050,1233
I_Love_Monkey,903,1110,1280
andel,903,1392,1423
VictorMMorant,906,1234,1360
innok96,906,1375,1418
vsri293,906,1413,1426
quizywiz,906,1667,1570
WaseemAkram9,906,1417,1427
darksider,911,1449,1430
user_name,911,1402,1423
Bladumup,911,1084,1258
Casio,914,1526,1462
xiao_cai,914,1679,1582
Greetrix,916,1379,1417
ACkuangmo,917,1471,1429
Frazer,917,1500,1505
huangkun,917,1564,1489
hrht,920,1500,1504
kevin500001,920,1678,1581
sinianluoye,922,1548,1477
rajat1293,922,1262,1371
_harun,924,1180,1324
tonykky,925,1286,1382
ediston,925,1494,1439
m4631,927,1499,1442
brainyuan77,927,1242,1360
amit_chahal,927,1500,1502
ysb,927,1535,1467
n1tz53,927,1472,1426
vikash.ch1,932,1336,1400
aanchal_204,932,1498,1441
fjzzq2002,932,1409,1419
skovacevic94,932,1399,1417
tracyliang,936,1513,1451
rushilpaul,936,1330,1397
dipal,938,1300,1385
__-__,938,1135,1291
abdallah_eid,938,1400,1415
ShadowFiend,938,1508,1448
caobei,938,1409,1417
dhaw92,938,1375,1410
gardener,944,1402,1414
wangziyun,945,1405,1414
taurish,945,1263,1366
oyas,945,1524,1458
_register,948,1305,1384
tangbingchang,948,1444,1419
ma08,948,1555,1480
slowlight,951,1571,1491
ShockProof,951,1470,1422
magna_animus,951,1078,1246
SGsupernova12,951,1407,1413
Semeniuk,951,1291,1378
NEW_JM,951,1404,1412
coder_r,957,1617,1524
nickn52,957,1422,1414
zscoder,957,1656,1559
dinh97,957,1287,1374
ZubairFaruqui,957,1442,1416
shakil_AUST,957,1646,1549
phynotape,963,1525,1457
Abdallah,964,973,1156
asif3058,964,1679,1582
hlju_yangzhibo,964,1461,1415
anurag.dsps,964,1488,1431
aniket_kumar,968,1234,1346
VladLem,968,1382,1403
a_prakash,970,1555,1478
Code-cola,970,1371,1400
chiendo9x,970,1500,1490
jiangxinghe,970,1599,1510
anmol1000,974,1089,1249
Denton,974,1521,1454
sparseshadow,974,1596,1507
zhengweijian,977,1690,1593
sky_fire,978,1425,1409
MDCCXXIX,978,1527,1458
Rise15,980,1206,1327
VKundas,980,1375,1398
houxin,980,1521,1453
abc3141,980,1502,1440
danglin_pointr,980,1493,1433
dpatel,985,1512,1446
HanHaiFengGe,985,1573,1490
JackieWilshere,987,1441,1407
tkain,987,1567,1486
jay_walker,989,1504,1440
saanc,989,1520,1452
ravi_dtu,989,1301,1373
therandombit,992,1260,1354
pnkthrepwood,992,1266,1356
eu42,994,1333,1383
taxicoo,994,1500,1484
AntonZ,994,1346,1387
glebvr,994,1414,1403
AC_lim,994,1551,1474
H.Programmer,994,1280,1363
TimoninVM603,1000,1500,1482
Mfeng2014,1000,1478,1421
aditya_2211,1002,1500,1481
dustbite,1002,1523,1453
qhead,1002,1330,1380
monkey_hunter1,1005,1635,1538
CuCumBerkids,1006,1262,1351
Mourad,1006,1207,1322
Gainanist,1008,1627,1530
yts1999,1008,1273,1356
jungleman13,1008,1351,1385
bayram98,1011,1341,1381
dangxuanvuong98,1011,1489,1428
Kshatiaya,1013,1349,1383
cylily93,1013,1500,1478
avinash11,1013,1386,1392
yevhenii44,1016,1671,1574
Xanthic,1016,1665,1568
sensiblemadman,1018,1074,1229
MADAO_G,1018,1574,1488
creder,1020,1334,1377
Nenl,1020,1192,1310
NightEagle,1020,1456,1405
v2v4,1023,1678,1581
khlifa,1023,1357,1383
Ablai,1025,1270,1351
late_riser,1025,1321,1371
Criminal_Leopard,1027,1465,1410
TranTuan,1027,1283,1356
arjester,1027,1399,1391
twistakid,1030,1147,1279
sbereghici,1030,1371,1384
vitek2014,1032,1441,1395
gnull,1032,1346,1377
dmcyer,1032,1595,1502
CheburashkaS,1035,1407,1390
sadeep,1035,1328,1371
ArtemPskov,1037,1383,1385
Parikh,1038,1383,1384
SVK.Jr,1039,1510,1441
Atrodex,1039,1252,1339
AlexKats,1039,1583,1493
giaosudauto,1042,1211,1316
sahilbahl,1042,1266,1345
ironp,1042,1114,1254
ahbbxcy,1042,1454,1401
natalien,1046,1573,1485
Ghaieth,1046,1433,1389
neu_tron93,1048,1671,1574
pashtet32,1048,1359,1377
eatitup,1050,1227,1323
rohan94,1050,1258,1339
WarriorPrince,1052,1375,1379
vichuang_18,1053,1520,1447
Losanto,1053,1594,1500
demonster,1053,1210,1313
atulb,1053,1620,1523
hustac_nostop,1057,1500,1465
phuonglan,1057,1553,1470
JasonZhou,1057,1212,1314
SergeyLeontiev,1060,1222,1318
lrahul7,1061,1356,1372
hujiaweibujidao,1061,1500,1464
moqsad,1061,1452,1398
Cold.H2,1061,1664,1567
_santyssk_,1061,1333,1366
gray_owl,1066,1643,1546
Azimboy,1067,1433,1385
abhishek2174,1067,1471,1410
tuan29061998,1069,1513,1440
lengdan,1069,1478,1415
Sherlock_nad,1069,1333,1364
minblue,1069,1500,1462
panamaguts,1069,1142,1268
1256012967,1074,1277,1342
mohsincsedu,1075,1500,1460
koldbyte,1075,1512,1439
houssem,1075,1300,1351
PTQ,1078,1310,1354
thethong.ngu,1078,1379,1374
FoxMcWeezer,1078,1500,1459
code599,1081,1500,1458
fabiankasUN,1082,1426,1379
dante1995,1082,1647,1550
coaspire,1082,1402,1376
i_lost_my_handle_mishu,1082,1517,1442
zjwoody,1086,1579,1487
pulkit_180894,1087,1598,1501
Ahmed_Dinar,1087,1057,1202
Crixus,1087,1510,1437
code3rd,1090,1475,1411
kerimgokarslan,1090,1500,1455
rachilies_rozane,1090,1320,1354
jnalanko,1090,1572,1481
code_tourist,1094,1294,1344
thuyhung,1094,1546,1462
ptnk1316,1094,1486,1419
mihristov,1094,1304,1348
tmp92,1094,1661,1564
kaushik_iiitd,1099,1532,1452
inzi,1100,1237,1317
iKID.Huy,1101,1500,1453
sidchelseafan,1101,1330,1355
Nabe_Gewell,1101,1500,1453
TIUAhmadjon,1104,1269,1331
club,1105,1400,1370
DriveTypeSpeed,1105,1448,1391
RUET_CRAZY_MINIONS,1107,1150,1265
shm0007,1107,1407,1370
kepta,1109,1191,1290
shahriar_lu,1109,1615,1518
vvk_ten,1111,1384,1366
overnite.runner,1112,1410,1369
prerakd,1112,1228,1310
0-0,1112,1500,1452
zhabgyuan1993,1115,1496,1425
rajeevkgp,1116,1250,1320
Emiso,1116,1391,1365
gobrona,1116,1321,1348
zhyfzy,1119,1577,1483
zhanif,1119,1302,1341
Vetriti,1121,1437,1382
swarnim,1122,1302,1340
Shavkat_Aminov,1122,1597,1500
mmur,1124,1579,1484
uta1,1124,1500,1450
utk1369,1124,1388,1363
Laura.Ab,1124,1434,1380
dSilentBANG,1128,1653,1556
ega.volk,1128,1313,1342
rodz,1128,1321,1345
rahul0379,1128,1374,1359
bangbarang,1132,1498,1425
Askar1998,1132,1399,1362
fsh0524,1134,1500,1449
odinlp2,1134,1074,1206
skolchev,1134,1304,1338
amarok1,1137,1195,1286
poler,1137,1538,1454
DenXman111,1139,1397,1360
fiestel,1140,1540,1455
RealMadridCF,1141,1256,1317
Akin,1141,1610,1513
NotDeep94,1143,1642,1545
8005,1143,1161,1264
KarimAmer,1145,1549,1461
wellwellwell,1145,1438,1380
yick,1147,1153,1258
jaib,1148,1427,1373
dubey02,1148,1264,1319
vlad8,1150,1473,1405
yunhua100,1151,1362,1351
RippleOfLove,1152,1533,1449
NickName279,1152,1269,1320
Naturain,1152,1656,1559
codiot_14,1155,1500,1447
Aya.moneim,1155,1289,1327
zlululu,1157,1684,1587
Tukana,1157,1207,1288
YGGary,1159,1500,1446
zzu_shihu,1160,1399,1354
Gemini,1161,1320,1337
alc,1161,1480,1409
rohansuri,1163,1302,1330
tkg,1163,1304,1331
wildjun5,1163,1500,1446
ecnu10132510263,1166,1407,1357
Sherl,1166,1399,1353
sytu1,1166,1500,1446
xlx,1169,1533,1448
creat2012,1169,1294,1325
ddtm,1171,1685,1588
404Error,1172,1382,1349
cached,1173,1699,1601
vikky_codder,1173,1404,1355
chemical,1175,1404,1354
master_of_none,1175,1569,1473
krez,1177,1256,1308
Commence,1178,1548,1458
bleedcoder,1179,1411,1359
bonyisrail,1180,1226,1293
KareemWS,1181,1222,1290
koluchiy,1181,1614,1517
graceful,1181,1324,1332
qitaishui,1181,1696,1599
anup_coder,1185,1225,1291
Blue_Is_My_Red,1186,1383,1344
vs13,1186,1520,1437
codalmahoos,1188,1282,1316
_maverick,1189,1325,1330
nopy,1190,1418,1362
anajin,1191,1514,1432
deadpool94,1192,1283,1315
zzuwolf,1192,1229,1291
tilyupo,1192,1380,1342
sourya,1195,1261,1305
amanmokama,1195,1500,1443
pankajnitt,1195,1392,1344
madhatter,1198,1407,1354
pro100fed,1198,1520,1436
mras,1200,1309,1322
Gulak,1200,1310,1322
arjun286,1200,1454,1387
cjsonix,1200,1544,1453
Dowletgeldi_57_41,1204,1390,1342
meihualu,1205,1342,1331
maviator,1206,1404,1351
MhmdAssem67,1206,1173,1257
DL.Naive,1206,1500,1442
qpalzm,1209,1500,1441
refactor,1210,1500,1441
darina__93,1210,1378,1336
rahulnexus,1212,1367,1334
CchOOlak,1212,1489,1412
rimfazqua,1214,1303,1316
cherrycodes,1215,1493,1415
mrinaltak,1216,1385,1337
altairmn,1216,1374,1334
1207020214,1216,1358,1331
claus_spb,1216,1494,1415
coderss08,1220,1372,1332
mm1991,1221,1422,1362
asaran,1222,1390,1340
beched,1222,1373,1332
ikid_Hoang,1224,1500,1440
srishti31,1225,1153,1240
sharno,1226,1057,1173
surendrasingh9426,1226,1415,1357
talznpy,1226,1644,1547
sharique,1229,1369,1329
vb30,1229,1362,1328
akhi29,1231,1307,1313
xhardline,1231,1500,1439
worldcbf,1233,1462,1390
zhoujun2002,1233,1404,1348
praguna14,1233,1410,1352
Hellscythe,1236,1292,1306
kk_DatTQ,1237,1358,1325
sypher,1238,1438,1372
naman26j,1238,1402,1346
frz13,1240,1500,1439
jays6215,1241,1603,1506
long_wave,1242,1305,1309
mochin,1242,1500,1438
Ge0h,1244,1289,1303
wafemand,1244,1246,1286
BizZ,1246,1405,1348
lyzy,1247,1637,1540
stoyanh,1247,1378,1329
scorpio19,1247,1021,1140
13110581000,1250,1246,1284
zhangshujun,1251,1256,1288
Cab,1252,1500,1438
zhongdi,1253,1422,1359
che_na,1254,1500,1437
Joshua_su,1255,1500,1437
irajdeep,1256,1399,1342
BC_,1257,1698,1600
Crossings,1258,1500,1437
swoop,1259,1374,1325
sohelcseiu,1260,1462,1388
shafra,1260,1492,1411
ace_atul,1260,1200,1259
M.S.W,1263,1562,1466
robin10,1263,1408,1348
roxana,1265,1243,1279
extremator95,1266,1548,1452
xiaodanding,1267,1435,1368
ritwikraghav14,1268,1500,1436
AndyQsmart,1268,1500,1436
whatdoesFOXsay,1268,1500,1436
kostya1996,1271,1186,1248
calin13,1271,1097,1192
Leniwwwiy,1273,1432,1365
ankur014,1273,1365,1317
woyeshizuile,1273,1587,1491
CHambist,1273,1425,1360
miradil,1273,1427,1361
_sherlock,1278,1231,1270
20134054008,1278,1500,1435
unaccepted,1280,1427,1361
dushyantashu,1281,1237,1272
odan,1282,1213,1260
anoop_b2k10,1283,1404,1344
abdelgany,1284,1245,1275
tanitanin,1285,1324,1304
anandakirtan,1285,1628,1531
Jaskinzerer,1285,1249,1276
keks,1288,1691,1594
6013308567,1289,1500,1434
crazyparine1,1290,1376,1323
swatveer,1291,1052,1154
Super_Ares,1291,1536,1441
rolex_links,1291,1249,1275
Copernicium,1291,1444,1373
kingdaxlab,1295,1579,1483
RedStone,1295,1417,1352
Wyvern77,1297,1150,1221
HooF,1297,1490,1406
taosheng,1297,1576,1480
Iskandarov_Islom,1300,1077,1171
CST14-YUFEI,1300,1486,1403
gkeesh7,1300,1314,1297
ryogo,1303,1097,1184
illusion_ist,1303,1234,1265
_XuMuk_,1305,1466,1388
m.garg,1306,1326,1298
tilli-willi,1307,1367,1315
blackmailer,1308,1252,1272
tr4rex,1308,1492,1407
Dr.I_m_possible,1308,1132,1207
asif_mak,1311,1317,1294
shyamvinay,1312,1306,1291
wuxifinger,1313,1227,1259
MikiYui,1313,1187,1238
Asm.Def,1315,1441,1368
samitcpc,1316,1500,1432
akulkanojia2414,1317,1325,1295
meashish,1318,1608,1511
sahil140194,1319,1332,1296
hotstar,1320,1500,1432
beautiful,1321,1669,1572
Abdo_Hammam,1321,1221,1254
harshdcoder,1323,1114,1191
chrome,1324,1620,1523
Vahan2000,1325,1500,1431
Artis,1326,1208,1246
chengzi,1326,1573,1477
Orestes,1328,1323,1291
prashantgolu,1329,1407,1342
kshashank,1330,1588,1492
iKid.Hades,1331,1500,1431
coder1748431,1332,966,1076
alexandra11,1333,1500,1431
d4rkc0de,1334,1175,1227
rajjo_coder,1334,1402,1338
vibhash.cusat,1336,1289,1279
yumma,1337,1410,1344
keshav,1338,1500,1430
Exilef,1339,1211,1245
houyideng,1340,1541,1445
IT2014,1340,1500,1430
bhavya24dang,1342,1243,1259
Jabir,1343,1327,1288
sidak,1344,1459,1380
jrbartowski,1345,1356,1303
mihir.gogate,1346,1302,1280
code_fighter,1347,1579,1483
simararorarox94,1348,1414,1346
anti,1349,1405,1339
namdev102,1350,1297,1278
venkatesh_p,1351,1247,1258
crissy_fan,1351,1317,1283
newnnewer,1351,1500,1429
sxzh135122,1351,1670,1573
dhruvmullick,1355,1571,1475
qq11111qqwo,1356,1557,1461
GuralTOO,1357,949,1056
ichabuncaca,1358,1500,1429
minhf1,1359,1272,1267
payalgoel,1360,1179,1222
jmk,1361,1313,1279
LeoSko,1362,1628,1531
matheusgs05,1362,1529,1433
lucidash,1362,1550,1454
qszhu,1362,1537,1441
tasyrkin,1362,1538,1442
prillymonials,1367,1434,1359
timmychiang,1367,1303,1275
DarkArchTemplar,1367,1387,1324
DW365,1367,1421,1349
denisx,1367,1287,1270
flash2048,1367,1284,1269
alex_dumy,1367,1595,1499
ScanNorOne,1367,1573,1477
bogdanboboc97,1367,1170,1216
rocker_raj,1367,1540,1444
noob,1367,1169,1215
CST14-wzs,1367,1518,1422
demon_cross,1367,1646,1549
Yi.Daozhiling,1367,1500,1428
balsa_knez,1381,1208,1232
Fakeable,1381,1557,1461
Arpa,1381,1057,1138
Stepan,1381,1583,1487
chaosfoal09,1381,1500,1427
exqt,1381,1342,1289
plustar,1381,1500,1427
kumar.ashishkumar.vicky5,1381,1366,1307
RonQ,1381,1204,1230
yangchris11,1381,1402,1334
sissu,1381,1566,1470
chiyar,1381,1580,1484
khue1996,1381,1357,1300
kalpjain,1381,1280,1264
Cao275,1381,1438,1361
saurabh,1381,1541,1445
Dregia,1381,1258,1256
DFridman,1381,1452,1372
saurabh7717,1381,1522,1426
wjcwjc,1400,1528,1432
striker33,1400,1553,1457
rounakrajrnk,1400,1399,1330
Yhwach,1400,1451,1370
ileasile,1400,1527,1431
fanatique,1400,1264,1253
pegasas,1400,1539,1443
3126016026,1400,1331,1280
Darth_Donald,1400,1063,1138
anshkhanna7,1400,1278,1258
CHEATBEATER,1400,1487,1397
TimaMetiss,1400,1436,1358
piyush_2012,1400,1319,1271
antonM,1400,1500,1426
rickychandra,1400,1500,1426
beka_asd,1400,1314,1269
ianaesthetic,1400,1472,1386
fuzuiR,1400,1447,1367
talha_iiita,1400,1677,1580
gaolzzxin,1400,1637,1540
AYST,1400,1324,1275
misha2259,1421,1388,1320
ankitbisla21,1421,1510,1414
abhishek12,1421,1170,1202
Robert_Lewandowski,1421,1433,1355
aka2810,1421,1070,1138
sainath_iiti,1421,1496,1402
entalent,1421,1371,1307
xiejj365,1421,1218,1227
FightGrovyle,1421,1547,1451
1130310410,1421,1500,1424
Pamonha,1421,1500,1424
socialgeek,1421,1472,1384
Sanan07,1421,1051,1124
fsdcyr,1421,1309,1262
Ambrose,1421,1647,1550
BakyX,1421,1574,1478
abhishekheaven7,1421,1387,1320
Nurseiit,1421,1332,1278
y990041769,1421,1490,1397
Jacksonn,1421,1500,1424
fr0st,1421,1223,1229
homeless,1421,1585,1489
calla212,1421,1500,1424
aalhadkulkarni,1421,1473,1385
Rajib_119,1421,1246,1240
zeus07,1446,1444,1361
zjut-Tach,1446,1349,1289
FishKOH,1446,1625,1528
osdajigu_,1446,1341,1283
ApolloDJ,1446,1446,1363
hqwhqwhq,1446,1446,1363
donnghi,1446,1527,1431
Jetpack,1446,1185,1204
goldenstreak,1446,1490,1396
Binary_ToothLess,1446,1154,1187
jjsg,1446,1247,1234
harsha1994,1446,1500,1422
kuroko,1446,1203,1214
ayansome1,1446,1031,1104
darshil_babel,1446,1325,1271
AlexKolc,1446,1141,1179
Raoof,1446,1252,1236
aj5kgp2015,1446,1424,1346
dugg,1446,1500,1422
CST14-yangxixi,1446,1208,1216
hirayami,1446,1273,1244
shivamkakkar,1446,1236,1230
philippic,1446,1500,1422
OvidiuG,1446,1225,1225
ytt520,1446,1330,1274
sakina,1446,1639,1542
Badhon,1446,1460,1373
2O16,1446,1225,1225
hexiecs,1446,1501,1405
qq547276542,1446,1500,1422
Kirill.Mikhailov,1446,1343,1284
slash007,1446,1310,1260
indianauthority,1478,1241,1224
Alice_1,1478,1281,1238
Cluance,1478,1461,1372
Dark-knight,1478,1429,1348
kurkin,1478,1611,1514
pirate_jack,1478,1490,1395
rajat90_,1478,1392,1319
binhuq,1478,1317,1262
bigcat,1478,1500,1420
Guvanc.G,1478,1399,1325
Trazzy,1478,975,1052
_jagoth,1478,1149,1177
jayanto,1478,1262,1232
1215921916,1478,1267,1233
zh_jssoff,1478,1564,1468
WooFi,1478,1172,1190
lwr,1478,1429,1348
ZOTAC89,1478,1264,1232
eonx_32,1478,1432,1350
bala1074,1478,1339,1279
uuau99999,1478,1302,1251
hypo,1478,1223,1216
pilihank168,1478,1500,1420
Nero138,1478,1500,1420
Yerasyl,1478,1623,1526
swust_zhudi,1478,1429,1348
mertiya,1478,1541,1445
ZLR,1478,1500,1420
shin_chan,1478,1326,1269
zhangwq,1478,1500,1420
am.ma,1508,1182,1188
survived,1508,1470,1377
xiaot,1508,1464,1372
Safrout,1508,1205,1200
annguyen14799,1508,1500,1418
bitfear,1508,1407,1329
xxqxpxx,1508,1038,1095
DonaldDarko,1508,1282,1233
Yhui,1508,1392,1317
PythonIt,1508,1311,1255
MaGaroo,1508,1498,1402
yingS,1508,1132,1159
ksuyfr,1508,1143,1166
kush,1508,1247,1218
JKJeong,1508,1560,1464
siddv,1508,1449,1361
hamed.soleimani,1508,1221,1207
C_Vking,1508,1500,1418
drdanailov,1508,1217,1206
dumak,1508,1599,1502
AnkitAti,1508,1413,1333
Karthik21996,1508,1078,1124
yzlhypo,1508,1125,1155
techboy,1508,1600,1503
Ujjawal.Dixit,1508,1174,1183
PAG,1508,1626,1529
prefectdai,1508,1282,1233
histeria25,1508,1500,1418
alexxx998,1508,1400,1323
jiang42,1508,1346,1282
ShubhamKharche,1508,1500,1418
pnsaiaditya,1508,1352,1286
sazal.ns,1508,1095,1136
bshnet,1508,1585,1489
_HS7T,1542,1500,1416
tabassum_tanu,1542,849,929
EugeneButusov,1542,1457,1365
RandD,1542,1276,1225
npbn2008,1542,1399,1320
Shurpanchik,1542,1322,1260
wgma00,1542,1404,1324
Trasher,1542,1405,1325
alex_x,1542,1500,1416
cdeor,1542,1290,1236
FurudeRika,1542,1260,1214
sahit_sri0808,1542,1399,1320
shsamariddin,1542,1399,1320
Bangal,1542,1448,1358
AminAnvari,1542,1524,1428
kindleton,1542,1196,1187
dushabaev,1542,1500,1416
Jobayer__,1542,1431,1345
Victoria,1542,1683,1586
zhoutonglx,1542,1175,1176
nitishjain,1542,1217,1197
gautam27,1542,1293,1238
andytosa,1542,1193,1186
aayush_saxena,1542,1274,1224
Lonphy,1542,1500,1416
Mixf,1542,1404,1324
Raarujeed,1568,1032,1077
shenzhouqiji,1568,1182,1174
_AZAZEL_,1568,1500,1414
sotota,1568,1195,1180
nameng,1568,1276,1223
minh0722,1568,1304,1244
applE19,1568,1364,1291
ankitaggarwal011,1568,1375,1300
yellowthundercat,1568,1500,1414
maapaa,1568,1082,1113
CMS_Flash,1568,1500,1414
devilzbak,1568,893,963
the_avatar,1568,1304,1244
tender_bum,1568,1023,1071
Korniltsev.Mikhail,1568,1170,1168
Syuleyman,1568,1308,1248
Six,1568,1500,1414
dev_9,1568,1375,1300
java_geek,1568,1192,1179
dkk,1568,1193,1179
shagun,1568,1525,1429
zetabyte,1568,1311,1250
srujan1994,1590,1366,1291
m7mdkamal,1590,1285,1228
varunkr,1590,1074,1102
Hakeem_qonirat,1590,1066,1097
anthonycherepkov,1590,1404,1321
kartik179,1590,1373,1297
DoubleQ,1590,1002,1050
Klamble,1590,1500,1413
BDModeling,1590,1322,1257
DRERY,1590,1500,1413
jomatt,1590,1103,1122
akshaygarg007,1590,1420,1333
rishabh1994,1590,1364,1290
Mir00r,1590,849,920
MNDrebin,1590,1244,1197
feng1,1590,1500,1413
Kenneth-nlogn,1590,1155,1154
Karan2116,1590,1155,1154
guanxinnotused,1590,1140,1145
avm12,1590,1556,1460
ahmed.rabie1234,1590,998,1046
dragvs,1590,1343,1273
hitkon,1590,1281,1225
akill3r,1613,1433,1342
shenqi,1613,1500,1411
Arun1994,1613,1305,1242
kapany3,1613,1500,1411
tortuga,1613,1399,1316
sajadur_duet,1613,1031,1067
Maidar,1613,1296,1235
Zetta-byte,1613,1300,1238
Codeplay,1613,1230,1184
gotodeepak,1613,1343,1272
sri-jay,1613,1170,1157
Kifayat,1613,1627,1530
fuyuhin,1613,1266,1211
akshitjain44,1613,1500,1411
chanakya27,1613,1241,1192
kirito_sao,1613,1315,1250
rashed_safa,1613,887,949
Joker_akhmedov,1613,1500,1411
daiota,1613,1278,1220
Jason1998,1613,1234,1187
trunghung0106,1613,1500,1411
nath_haran,1613,1205,1174
Grishanp,1613,1317,1251
harshitm26,1636,1491,1396
comunodi,1636,1500,1410
vikrantgarg,1636,1172,1152
nickeuee,1636,1182,1157
Mr.Anonymous,1636,893,949
shivangstreak,1636,1500,1410
likai,1636,1500,1410
whizkid444,1636,1253,1199
gautam94,1636,1237,1187
DuyAnhDinh,1645,1549,1453
Armanoid,1645,1051,1074
Flysheep,1645,1500,1409
stun,1645,1084,1097
ariful11,1645,1254,1199
rajathans9,1645,1399,1314
manhtaiphan,1645,1338,1266
SapPracticeBee,1645,1407,1320
myIdols-TimAndArul,1645,1186,1157
agaurav77,1645,1482,1387
thunderkeg,1645,1399,1314
Alhelal_bjit,1645,1116,1117
EvAn,1657,1384,1301
ahsankamal,1657,1416,1326
coldmoon,1657,1025,1052
pandu67,1657,1107,1109
adamantium,1657,1500,1408
Olegovich,1657,1225,1175
name_htr,1657,1606,1509
jimmy_kr,1657,1380,1298
PbSbatSfall,1657,1421,1330
phidhell,1657,1500,1408
thebigfatpanda,1667,1024,1049
gibibyte,1667,1500,1408
tmiiitd,1667,1316,1247
AliaaEH,1667,1292,1228
kj.1998,1667,1103,1104
0xFED,1667,1304,1237
Ayatallah,1667,1500,1408
FIvO,1667,1170,1143
comsun95,1667,1500,1408
amit_maximus,1667,1500,1408
quazirafi,1677,1096,1097
iadh_aboud,1677,1559,1463
chomu1850,1677,1351,1274
nocompiler,1677,1264,1204
nevermind98,1681,1500,1407
amoRN,1681,1500,1407
kabir.sohel,1681,1660,1563
goncharovK,1681,1164,1137
mmm011,1681,1152,1130
brook_bach,1681,1500,1407
DSSGSRA,1681,1414,1323
akshaykolte_17,1688,1335,1261
khushman1,1688,1377,1294
aj14,1688,1500,1406
sergey_bell,1688,1124,1113
anand.siddharth714,1688,1500,1406
ankitkools,1688,1315,1245
pri71194,1688,1500,1406
run_time_error,1695,1393,1306
hend_mahmoud,1695,999,1024
TEN2NAUGHT,1695,1061,1070
jahazi1992,1695,1380,1296
codevillain,1695,1500,1406
DoanGiaBao,1695,1500,1406
Pial,1695,1234,1179
hnust_xuran,1702,1164,1132
AsEs,1702,880,924
201211050121,1702,1080,1081
letung3105,1702,1500,1406
ciphAx,1706,1335,1259
kabutops,1706,1485,1390
abhijeet_1,1706,1113,1102
myrzatayevbekzhan,1706,1302,1233
islammagdysaieed,1706,1365,1283
ffrujeri,1706,1255,1195
dantish,1706,1500,1405
milesstevenson,1713,1317,1245
miron.banjac,1713,1299,1230
Snap_Suzun,1713,1084,1082
heba_aamer,1713,1365,1283
dimon552505,1713,1500,1405
krypten,1718,1405,1314
cezary,1718,1500,1405
aimeemontero,1718,1292,1224
nithin,1718,1500,1405
sk97045,1718,1347,1268
master_cbh98,1723,1324,1250
RokKos,1723,1500,1404
dambledore,1725,1307,1236
seaguy,1725,1399,1309
baxocode,1725,1399,1309
abu_raihan,1725,1315,1242
shaon_sust,1725,1029,1040
codeffreak,1730,1215,1161
manuag,1730,1500,1404
sun_rain,1732,1155,1120
garima.jain,1732,1526,1430
fifty_shades_of_grey,1734,1030,1039
akurniawan,1734,1296,1226
mayorovmp,1734,1371,1286
Creepy,1734,1399,1308
TrungPhan,1734,1264,1200
dipta007,1734,1252,1191
dreamplay,1734,1557,1461
PEC,1734,1500,1404
micha7a,1734,1500,1404
7503157,1734,1312,1239
tejasr,1744,1405,1312
calmhandtitan,1744,1209,1155
escepta,1744,1497,1401
ShyngyS,1744,1546,1450
amanchik,1744,1542,1446
dalia_bolla,1749,1032,1037
varnava1997mor,1749,1018,1027
Amon,1749,1070,1065
vineethtatipatri19,1749,1170,1124
naivcit19,1749,1277,1210
Sanzee,1749,1515,1419
Rubab2020,1749,855,893
Apocalypse3,1749,1281,1213
HarmonyThug,1749,1580,1484
fzfzfz,1749,1500,1404
wywoaini,1759,1320,1244
Respect2014,1759,1500,1404
hazegirl,1759,1500,1404
pranav27,1759,1451,1356
B_WhiteDevil,1759,1349,1267
ovidiup,1759,1500,1404
prathikyr,1759,1088,1074
selva,1766,1302,1229
I_lOVE_ROMAN,1766,1399,1306
sashkevichi,1766,924,949
Jonibek.Khojibaev,1766,1503,1407
Daniyar,1766,1123,1094
OcarisAM,1766,1162,1116
lika1,1772,1194,1140
Tahsin24,1772,1095,1076
devfom,1772,1332,1253
KevinSS,1772,1412,1317
suryasumanth1,1772,1229,1169
tooth_less,1777,1113,1085
z52527,1777,1168,1119
xiangxianzhang,1777,1015,1019
razrlele,1777,1247,1183
akubbar,1777,1131,1096
jaimal1147cse,1777,1284,1214
cuet11coder,1777,1000,1007
mateusbellomo,1777,1356,1272
seewhy,1777,1473,1378
windy_sai,1777,1194,1140
hk13,1787,1077,1061
thinking2014,1787,1500,1404
prat33k,1787,1259,1193
mrp,1787,1500,1404
coderkk,1787,1139,1098
rjalfa0,1787,1068,1055
Venkat_coder,1787,1501,1405
SONNET_N,1787,900,924
snajdov10,1795,1500,1404
manmodeashish,1795,1313,1236
KD35OKC,1795,1392,1299
hemezh,1795,1370,1282
bindassmango,1795,1500,1404
Apt,1800,1437,1342
sivag123,1800,1321,1242
sbakic,1800,1427,1332
Grakov,1800,1450,1355
fujiyama,1800,1368,1280
tarunbansal11,1800,1500,1404
Mahadi07,1806,983,988
dinesh_tp,1806,1111,1078
gbuenoandrade,1806,1412,1317
saiful_azad,1806,1081,1059
physis,1806,979,985
Cross,1811,1140,1094
konoha12,1811,1310,1233
ranjeetsy,1811,1425,1330
antirsi,1811,1198,1141
shakil0031,1811,1190,1134
simple.simon,1811,1635,1538
subnitride,1811,1305,1229
Al_Mamun,1811,1120,1082
sv_jan5,1819,1500,1404
francissalvamante,1819,913,929
fauzdar65,1819,1500,1404
Salgada,1819,1500,1404
466,1823,1319,1239
Marenkov2,1823,1291,1217
harsha_awesome,1823,1237,1172
1415259,1823,1304,1227
Mohammad_Mohsin_COU,1823,969,973
atikulprogramming,1823,885,904
fedozina,1823,1500,1404
KirillShin,1830,1500,1404
anti_WR,1830,1179,1123
munnapagol,1830,1141,1092
vaishalshah95,1830,1115,1074
qscqesze_1,1830,1439,1344
shrenikjain38,1830,1500,1404
14152591,1830,1326,1245
prottoy,1830,1115,1074
symbolicConstant,1830,1307,1229
hitwh130420101,1830,1500,1404
UgnelisM,1840,1405,1310
ashishmalik007,1840,979,979
zarga19,1840,1288,1213
rokimkar,1840,1500,1404
vipulgrover,1840,1198,1139
suhaibm,1845,1211,1149
ronaldiscool,1846,1500,1404
shtanko,1846,1079,1048
workaholic,1846,1197,1137
linhan,1846,1500,1404
arsenal12320,1846,1375,1283
apple_juice,1846,1553,1457
Exodus,1846,1304,1226
m.saddam_hossain,1853,1281,1207
ravi_rock,1853,1152,1099
Tanvirul,1853,1413,1318
shankar,1853,1209,1147
Gamerrishad,1853,1399,1304
_rishav_,1858,1500,1404
thuaphong1234,1858,1500,1404
Hesowcharov,1858,1500,1404
awlad11,1861,902,911
sof,1861,1500,1404
overbridge,1861,1356,1267
Optimus_Prime,1861,1500,1404
patience,1865,1440,1345
qazwsxmn,1865,910,917
faceoff,1867,1500,1404
winterflame,1868,1131,1080
quynhtam,1868,1500,1404
Riyad_Diu,1868,1217,1153
dimsum,1868,1500,1404
Uzef,1872,1379,1285
devanand,1872,1500,1404
sourabhsarkar,1872,1315,1233
dimitrovp,1875,1404,1309
lazyM,1875,1470,1375
ghosh_cseiu,1875,1211,1147
Bura.RuetCSE,1875,997,985
ingeniosus,1875,1238,1170
smier,1875,1500,1404
seeanvit,1875,1500,1404
duyixian,1875,1500,1404
13110572031,1883,1500,1404
Baridcse,1883,1444,1349
susorock,1883,1500,1404
andreiblaj17,1886,1337,1250
N.R,1886,1398,1303
bad_coder,1888,1400,1305
arifhstu41,1888,1399,1304
sofy,1888,1407,1312
nooger,1888,1500,1404
Not_Out,1892,1292,1213
Tousif,1892,1053,1021
DiaaAyyad,1892,1183,1122
zunaid,1895,1361,1269
Yulhen,1895,1500,1404
IDont_love_TanyaRomanova,1897,1617,1520
jack_mk,1898,1310,1228
Puredigital,1898,1397,1302
Mathe,1898,1341,1253
utkarshsri291,1898,1439,1344
thequickfox,1898,1535,1439
ElenaAndreevna,1903,1500,1404
clarinet758,1903,1203,1138
dushancc,1903,1167,1108
lidiyaidzh,1903,1500,1404
direwolf_424,1903,1361,1268
Alhelal_TWO,1903,1031,1003
mondalakash2012,1909,1233,1163
shivraja,1910,1340,1251
Altberta,1911,1285,1206
dgangoupdate,1912,1099,1050
crystalyx,1912,1399,1304
sanzzzay,1912,1500,1404
lukakankadze,1912,1341,1252
counsel,1912,1362,1269
Shibbir001,1917,974,958
CazadorDivino,1917,1020,992
s512,1917,1320,1235
super_cr7,1920,1049,1012
kaynaat007,1920,975,958
sugavaneshb,1920,1227,1158
ptkNktq,1923,1342,1252
beknazar23,1923,1558,1462
chenjl,1923,1300,1218
Leviii,1923,1393,1299
chirjeev94,1927,1696,1599
603993896,1927,1173,1111
swayam_raina,1927,855,857
varunvd1994,1927,1375,1281
nikita041,1931,1427,1332
Mafi.,1931,1366,1272
jainsunny80,1931,1330,1242
mari.kulipanova,1934,1212,1144
iamjoseph331,1935,1375,1281
dimitrikorko,1936,1399,1304
sweetalgorithm,1937,1301,1218
SPolice,1937,1403,1308
prakashsaripaka,1937,1399,1304
MPeteva,1940,1500,1404
mmrs,1940,1186,1122
toufga.brahim,1940,1505,1409
green_arrow,1943,1101,1049
AjithVijayan,1944,1304,1220
zbulim,1944,1308,1223
king_of_spades,1946,1500,1404
FidFenix,1946,1500,1404
marianneL,1948,1147,1088
2013030402042,1948,1439,1344
peterandluc,1950,1398,1303
datvi,1950,1322,1234
iam_lazy,1950,1146,1087
vivek0739,1950,1350,1257
elena_alekseewna,1954,1404,1309
bangcoder,1955,1580,1484
Pollux,1956,1399,1304
shivam4113,1956,1314,1228
tanmoy_13,1956,1218,1148
day_and_night,1959,1500,1404
TonyStark,1960,1003,971
arthapenn,1961,1116,1060
AlgoProga,1961,1500,1404
Rizvi93,1963,1500,1404
persistence,1963,1035,993
Torikazi,1965,1245,1170
merdan99,1965,1208,1139
kaium11,1965,1632,1535
SacredRelic2013,1968,1500,1404
buddy,1968,1500,1404
xiaotaiyangAC,1968,1209,1140
satyambansal117,1971,1309,1223
sofmonk,1972,1500,1404
rana_cse_iu,1972,1373,1279
CF_Test,1972,1171,1107
AClover,1975,1101,1046
igorpastukh,1975,1054,1006
prash628,1977,1399,1304
natashaindriani,1978,1208,1138
anonymous_,1978,1021,980
rupakown,1980,1245,1169
Fb_by,1981,1256,1178
iwillmakeitbig,1982,1235,1161
koch,1982,1208,1138
tkorkotashvili,1984,1399,1304
aaronzark,1984,1498,1402
shrox,1986,1500,1404
RaghavN,1987,1236,1161
ZSC2013031001009,1987,1014,973
bristy456,1989,1112,1055
jcg,1989,1355,1261
Tzn-40,1991,1522,1426
WBA,1992,1500,1404
Avalan4e,1992,1307,1220
Yoyo2014,1992,866,854
shahiankur,1995,1500,1404
joker00,1995,1200,1130
171292,1997,1062,1011
Tensor,1998,1259,1180
Kareem_Mohllal,1998,1423,1328
DATASOURCE,2000,1309,1221
20132710,2001,1500,1404
mehulparmar31,2002,1305,1218
101paras,2003,1295,1209
jat,2003,1454,1359
Gyb3243,2003,946,918
Darksnow,2006,1405,1310
taposdatta2013,2007,1204,1133
4ukuta,2008,1500,1404
newbiea777,2008,1500,1404
AnhQuan,2010,690,690
bloodshed,2010,1278,1195
merlinND,2012,1365,1271
zipu_sub,2013,1053,1001
Lambo,2013,1399,1304
jeremy,2013,1275,1192
s.e.n.a.t.o.r,2016,1327,1235
yangsyp727,2017,1445,1350
howcum,2017,1071,1017
ziyun,2019,1500,1404
deCoder90,2020,1028,979
SunKing,2021,1363,1269
suja_12358,2022,1447,1352
yaroshevskiy,2022,1399,1304
coder23,2024,1399,1304
plcpunk,2025,1596,1499
Sawyer5,2026,1285,1200
coderedoc,2027,1314,1224
dragonwing,2028,1313,1223
hasanbdmehadi,2029,1143,1079
sajibcu55,2030,1276,1192
wangziyan,2030,1141,1077
AhmedTai,2032,1399,1304
mohamed.mehany,2033,1414,1319
saiavinashiitr,2034,1500,1404
black_bird,2035,1144,1080
lrgoyal,2036,1093,1035
Farrux_Xalmuratov,2036,1022,972
183614956,2036,1500,1404
C_Ace,2036,1500,1404
losing.passer,2036,1045,993
zaqwsx,2036,1394,1300
EnvyKarin,2042,1141,1077
jemi_jackel,2042,855,834
keep,2044,1202,1129
Jumaboyev_Davlatmurod,2044,1258,1176
raviteja1994,2046,1500,1404
timfect,2046,1427,1332
sasikanth,2046,1500,1404
coicoichip,2046,1412,1317
khandeshb1,2046,1565,1469
Lieshereldor,2046,1384,1290
rawataaryan09,2046,1500,1404
changes,2046,1500,1404
singh26.aman,2046,1500,1404
GR1992,2046,1372,1278
lequocminh,2046,1396,1301
Patrick11,2046,1496,1400
ak_ashok,2046,1164,1089
tourer,2046,1568,1472
m4mun.lan,2046,1500,1404
arvindnair,2046,1399,1304
pdcodin,2046,1500,1404
ayushkumar,2046,1311,1217
myselfraghav.ra,2046,1405,1310
ageekwall,2046,1307,1213
wachub,2046,1500,1404
Zzz_jameson_zzZ,2046,1405,1310
EasyRider,2046,1064,1000
j1gsaw,2046,1579,1483
admin15_02,2046,1399,1304
Dull,2046,1297,1203
hnqw1214,2046,1500,1404
dolphin007,2046,1302,1208
felegy,2046,1493,1398
wanimaru47,2046,1306,1212
EhsanVL,2046,1219,1136
JoeF902,2046,1320,1226
Dick-Wang,2046,1236,1150
snowwin,2046,1423,1328
backhandvolley,2046,948,894
willlee,2046,1268,1177
salar.mzn,2046,1399,1304
arp95,2046,1311,1217
Tanmoy1228,2046,1345,1251
z123z123d,2046,1500,1404
0lkeh,2046,1500,1404
bharadwaj75,2046,1209,1127
imrankst1221,2046,908,857
koca_kodza,2046,1177,1100
chrisepm,2046,1500,1404
rando,2046,1399,1304
ArEn,2046,1323,1229
Snow_Leopard,2046,1317,1223
PraWinApk,2046,992,934
shahed,2046,1207,1126
rohit235,2046,1500,1404
rmtd99,2046,1309,1215
neehonesntrk,2046,1399,1304
hs_shen,2046,1535,1439
vipulk10,2046,1500,1404
prakhar,2046,1248,1161
ashudogra20,2046,1500,1404
nefarwe,2046,1310,1216
wolfSyntax,2046,1303,1209
mooors,2046,1182,1104
jasbir,2046,1075,1010
drack3800,2046,1481,1386
tubo28,2046,1568,1472
Losoama,2046,1427,1332
JustForHavingFun,2046,1222,1139
Frez,2046,1019,959
gauravjain123,2046,1486,1391
Novi_Adri,2046,1138,1066
Vladichekchek,2046,1404,1309
kautsiitd,2046,1351,1257
restart.,2046,1120,1050
sami_youssef,2046,1042,980
wintermelon27,2046,1221,1138
Ripon_CSE,2046,1166,1090
jaosnshen,2046,1219,1136
vatm1010,2046,1362,1268
vector96,2046,1443,1348
childintime,2046,1568,1472
Erdene,2046,1276,1184
Wow_Wow,2046,1674,1577
auaheuyap,2046,1399,1304
KimThach,2046,1500,1404
rhlnnd,2046,1500,1404
deltaden,2046,1399,1304
TheBlackReaper,2046,1422,1327
DeadlyDarkRa5,2046,1405,1310
bvd,2046,1323,1229
nextgencoder,2046,1250,1162
Strelokask,2046,1317,1223
ProLaser,2046,1500,1404
shuhrat-shokirov,2046,1399,1304
lagoon,2046,1304,1210
Amrkerr,2046,1204,1123
KAMYAR.DARVISHI,2046,1304,1210
delux_1505,2046,1500,1404
YJ8896,2046,1289,1196
66457541,2046,1219,1136
elaiyabharathi,2046,1318,1224
pshtchnqlwplsxnntcktnk,2046,1142,1069
syolo,2046,1570,1474
Maximillian,2046,1500,1404
Cuzcuz,2046,1500,1404
fboy05,2046,870,821
intmain,2046,1336,1242
zwh,2046,1587,1491
satyam001,2046,1399,1304
B.Niko,2046,1151,1077
darkshadow,2046,1586,1490
maddman,2046,1422,1327
High,2046,1209,1127
bilguunzen,2046,1081,1015
nirob_mh,2046,1411,1316
gongy,2046,1500,1404
sujon_bubt,2046,1500,1404
xlwinner11,2046,1404,1309
Seraphim.v2,2046,1375,1281
Lysenko.A.A.603,2046,1500,1404
arseny,2046,1500,1404
komantnick_,2046,1141,1068
Gollam_rabby,2046,992,934
fatehunter,2046,1137,1065
kp22,2046,1500,1404
rana_iu_cse,2046,1126,1055
fakss,2046,889,839
Chi_Bach,2046,1327,1233
TrongDuong,2046,1500,1404
sust_2012331055,2046,1500,1404
yadavkrishna5155,2046,1203,1122
raj.or.pratyush,2046,1402,1307
ElijahCyclone,2046,1399,1304
TheFatalScorpion,2046,1399,1304
t4ng0,2046,1414,1319
Rudeg,2046,1263,1173
nikhilnihalnn2,2046,1234,1149
sts22,2046,969,913
flyingant,2046,1404,1309
704246158,2046,1596,1499
openid123,2046,1500,1404
fusionV,2046,1215,1133
dead_man,2046,1217,1134
komandos,2046,1127,1056
Rodielm,2046,1500,1404
bhargav.g666,2046,1103,1035
ayesha2938,2046,1079,1013
liuiyilang,2046,1461,1366
harita,2046,1204,1123
bashrc,2046,1422,1327
Baoli1100,2046,1423,1328
deathgrim,2046,1399,1304
Redemption99,2046,1326,1232
iwtwiioi,2046,1654,1557
Daryusz,2046,1206,1125
drexel,2046,1600,1503
hssk_coder,2046,1399,1304
Nevecap,2046,1195,1115
ss2,2046,1298,1204
lee-yan,2046,1405,1310
sidcoder,2046,1194,1115
roxkiller,2046,1515,1419
rahul_7,2046,1042,980
blackbriar,2046,1308,1214
XuDuSh,2046,1303,1209
Asifur_Rahman,2046,970,914
653575028,2046,1500,1404
shubhamk647,2046,1146,1073
kitito,2046,1227,1143
sagor_cuet13,2046,1278,1186
CKYang,2046,1641,1544
javaiu,2046,1224,1140
tomhan966,2046,1027,966
sharksouth,2046,1200,1120
BluSky,2046,1213,1131
ganar27,2046,1296,1203
rainstormyf,2046,1139,1067
_Kei1_,2046,1399,1304
Shohruh_Durdiev,2046,1302,1208
Vizualni,2046,1561,1465
divinity,2046,1115,1045
rohitm924,2046,1184,1106
imranemi1221,2046,1304,1210
mukesh0594,2046,1172,1095
luali,2046,1256,1167
tripathi.shivam27071994,2046,1242,1156
chapstick,2046,1404,1309
sudharsansai,2046,1378,1284
fatima_,2046,1500,1404
moovon,2046,1101,1033
transparent,2046,1500,1404
bake.kz111,2046,1500,1404
xinchen,2046,1483,1388
smile_plz,2046,1399,1304
iamgod,2046,1488,1393
Intensity,2046,1399,1304
undo,2046,1640,1543
AR_ASIF,2046,1301,1207
jxust_Dior,2046,1500,1404
Siddhartha_Sengupta,2046,1300,1206
rinkalv063,2046,1500,1404
rockstar_094,2046,1500,1404
Ibodullo_Yorov,2046,1651,1554
UmantsevAS603,2046,1500,1404
TLElovesme,2046,1205,1124
shaolinkhusbu,2046,1500,1404
DAOliveiraX,2046,1211,1129
himu2214225,2046,1296,1203
randomguy1,2046,1606,1509
duchuanle,2046,1500,1404
PobA,2046,1547,1451
botDuino,2046,1304,1210
sorin_halmajan,2046,1500,1404
fuksito,2046,1463,1368
arteezy,2046,1500,1404
nitin94,2046,1540,1444
tanmaydatta,2046,1507,1411
codesum,2046,1329,1235
A_M,2046,843,796
dev8546,2046,1342,1248
a_outlawz,2046,1399,1304
haitham,2046,1305,1211
choubey,2046,1199,1119
Adai_is,2046,1282,1189
yourspuru007,2046,1501,1405
onlydmc123,2046,1384,1290
jjaw2014,2046,1314,1220
khonggilakhongthe51,2046,1496,1400
slavablind91,2046,1173,1096
Memesi,2046,1058,994
alibehroozi,2046,1307,1213
shubham063,2046,1202,1121
Kurdukov603,2046,1500,1404
UsedRose,2046,1399,1304
ipchi,2046,1136,1064
rng60,2046,1393,1299
zzuspy,2046,1359,1265
Sandeep_Singh_Chhabada,2046,1184,1106
kiba,2046,1285,1192
Alexandr1998,2046,1500,1404
lub094,2046,1309,1215
melongist,2046,1399,1304
takai,2046,1500,1404
krsn123,2046,1287,1194
hello_world_kr,2046,1500,1404
FFS559,2046,1301,1207
IstiyakAhmed,2046,1179,1102
retired_xsami,2046,994,936
rofi93,2046,1039,977
chenzhen_24,2046,1420,1325
darkprince,2046,1500,1404
indian_alex,2046,1500,1404
abdo.helal,2046,1313,1219
zidaneandmessi,2046,1401,1306
mahmoud_arafa,2046,1218,1135
dheerajkhatri,2046,1400,1305
Shohruh,2046,1224,1140
vasile_catana1,2046,1306,1212
Im_Batman,2046,1057,994
looper,2046,821,776
majin_buu,2046,1500,1404
kawsar2014,2046,972,916
OutskiDDinG,2046,1307,1213
solongos,2046,1500,1404
Misaka233,2046,1307,1213
terminated,2046,1399,1304
thinkinginjava,2046,1404,1309
Killarllidan,2046,1417,1322
sanban,2046,1454,1359
codestart911,2046,939,886
allrounder,2046,949,895
enzo,2046,1428,1333
CrazyForAC,2046,1499,1403
venkatkalyan,2046,1500,1404
Mem4ik,2046,1432,1337
HuyTo,2046,1379,1285
Tomal,2046,1500,1404
nitinsp,2046,1265,1175
Rooped,2046,1193,1114
Never_less,2046,1500,1404
s412.,2323,1399,1304
mR_zohir,2323,1500,1404
mirbek,2323,1470,1375
mohamed.mahmoud,2323,1204,1116
Eng-Saber,2323,1500,1404
tanay24,2323,1186,1100
jrren,2329,1386,1292
